6

10 5
0 1 0 0 0 0 0 0 0 0
3 1 2 3
3 4 5 6
3 3 8 9
3 6 7 10
3 2 4 5

10 5
1 1 1 0 0 0 0 1 1 0
3 1 2 3
3 4 5 6
3 3 8 9
3 6 7 10
3 2 4 5


10 5
1 1 1 0 0 0 0 1 1 0
3 1 2 3
3 4 5 6
3 3 8 9
3 6 7 10
3 2 4 5

7 3
0 1 0 0 0 0 0
3 1 2 3
3 3 4 5
3 5 6 7

10 4
1 1 1 0 0 0 0 0 0 0
3 1 2 3
3 4 5 6
3 6 7 10
3 2 4 5

5 3
0 0 0 0 1
3 2 3 4
3 1 2 3
4 2 3 4 5



1. 마지막에 감염 false이면 초기에도 false이다.
2. 모임에 한명이라도 최종감염자가 아니라면 모두가 false이다.


124 30
..............................
..............................
X.............................
.X............................
..X...........................
...X..........................
....X.........................
.....X........................
......X.......................
.......X......................
........X.....................
.........X....................
..........X...................
...........X..................
............X.................
.............X................
..............X...............
...............X..............
................X.............
.................X............
..................X...........
...................X..........
....................X.........
.....................X........
......................X.......
.......................X......
........................X.....
.........................X....
..........................X...
...........................X..
............................X.
..............................
..............................
.............................X
............................X.
...........................X..
..........................X...
.........................X....
........................X.....
.......................X......
......................X.......
.....................X........
....................X.........
...................X..........
..................X...........
.................X............
................X.............
...............X..............
..............X...............
.............X................
............X.................
...........X..................
..........X...................
.........X....................
........X.....................
.......X......................
......X.......................
.....X........................
....X.........................
...X..........................
..X...........................
.X............................
..............................
..............................
X.............................
.X............................
..X...........................
...X..........................
....X.........................
.....X........................
......X.......................
.......X......................
........X.....................
.........X....................
..........X...................
...........X..................
............X.................
.............X................
..............X...............
...............X..............
................X.............
.................X............
..................X...........
...................X..........
....................X.........
.....................X........
......................X.......
.......................X......
........................X.....
.........................X....
..........................X...
...........................X..
............................X.
..............................
..............................
.............................X
............................X.
...........................X..
..........................X...
.........................X....
........................X.....
.......................X......
......................X.......
.....................X........
....................X.........
...................X..........
..................X...........
.................X............
................X.............
...............X..............
..............X...............
.............X................
............X.................
...........X..................
..........X...................
.........X....................
........X.....................
.......X......................
......X.......................
.....X........................
....X.........................
...X..........................
..X...........................
.X............................
500
1
1
1
1
1
1
1
1
1
1
1
1
1
1
1
1
1
1
1
1
1
1
1
1
1
1
1
1
1
1
1
1
1
1
1
1
1
1
1
1
1
1
1
1
1
1
1
1
1
1
1
1
1
1
1
1
1
1
1
1
1
1
1
1
1
1
1
1
1
1
1
1
1
1
1
1
1
1
1
1
1
1
1
1
1
1
1
1
1
1
1
1
1
1
1
1
1
1
1
1
1
1
1
1
1
1
1
1
1
1
1
1
1
1
1
1
1
1
1
1
1
1
1
1
1
1
1
1
1
1
1
1
1
1
1
1
1
1
1
1
1
1
1
1
1
1
1
1
1
1
1
1
1
1
1
1
1
1
1
1
1
1
1
1
1
1
1
1
1
1
1
1
1
1
1
1
1
1
1
1
1
1
1
1
1
1
1
1
1
1
1
1
1
1
1
1
1
1
1
1
1
1
1
1
1
1
1
1
1
1
1
1
1
1
1
1
1
1
1
1
1
1
1
1
1
1
1
1
1
1
1
1
1
1
1
1
1
1
1
1
1
1
1
1
1
1
1
1
1
1
1
1
1
1
1
1
1
1
1
1
1
1
1
1
1
1
1
1
1
1
1
1
1
1
1
1
1
1
1
1
1
1
1
1
1
1
1
1
1
1
1
1
1
1
1
1
1
1
1
1
1
1
1
1
1
1
1
1
1
1
1
1
1
1
1
1
1
1
1
1
1
1
1
1
1
1
1
1
1
1
1
1
1
1
1
1
1
1
1
1
1
1
1
1
1
1
1
1
1
1
1
1
1
1
1
1
1
1
1
1
1
1
1
1
1
1
1
1
1
1
1
1
1
1
1
1
1
1
1
1
1
1
1
1
1
1
1
1
1
1
1
1
1
1
1
1
1
1
1
1
1
1
1
1
1
1
1
1
1
1
1
1
1
1
1
1
1
1
1
1
1
1
1
1
1
1
1
1
1
1
1
1
1
1
1
1
1
1
1
1
1
1
1
1
1
1
1
1
1
1
1
1
1
1
1
1
1
1
1
1
1
1
1
1
1
1
1
1
1
1
1
1
1
1
1
1
1
1
1
1
1
1
1
1
1
1
1
1
1
1
1
1
1
1
1
1
1
1
1
1


....
...X
..X.
.X..
....
....
X...
.X..
..X.
10
1
1
1
1
1
1
1
1
1
1
